[PARAMETERS]
WIDTH=1599
HEIGHT=2067
X_OFFSET=40.6687507629395
Z_OFFSET=2732.42016601563
MARGIN=10
SCALE_FACTOR=1
DRAWING_SIZE=10

