[PARAMETERS]
WIDTH=1555
HEIGHT=2010
X_OFFSET=39.1077079772949
Z_OFFSET=2704.0732421875
MARGIN=10.1015224456787
SCALE_FACTOR=0.99900096654892
DRAWING_SIZE=10

